30

011. 111311. , 011.Μο111.011 111111

100 1000 210 202
100 1001 100 Ι110 »
101 1000 100 - 000
100 1101 - 140 040
100 1111 100 02 040
110 1112 ., 104 p„ 040
111 1114 ., 330
112 1110 ., 001
110 1110 - .-
114 1110 μ, 401
110 1110 -’ 401
110 1110 .-
111 1120 .-
118 1121 - 400 ·
110 1122- ., 000
120 1120 ->
121 1120 400
122 1124
120 1124
1241120
135 · 1120
120 1120
121 1120
120 1121
120 1121
100 1120
101 1120
102 1120
100 1120
104 1120
100· 1100
100 1100
¹ 101 1101
100 1131

111111111111111
, ἐς,

11,111111-11111111--11111

ι’-τιιιιιιιιιιιιᾼιιιιέιιιι11

ζ
—
-ῗέ
-
—ss
—q
ω

’ 139 1131
140 1132
141 1134
142

11111
111111

11111

1104 -.κ '-

 

